Sonar:
-0.133866807270303117549659077667456585914
-0.083766746130837330119867090161278611049
 0.202561239153125849377090617053909227252
 0.406378113351603009739676508615957573056
 0.406378113351603009739676508615957573056
 0.202561239153125849377090617053909227252
-0.083766746130837330119867090161278611049
-0.133866807270303117549659077667456585914
IR:
0.211939524148286456695089441382151562721
0.471832709834875574372858864080626517534
0.471832709834875574372858864080626517534
0.211939524148286456695089441382151562721

